0 1.000000 1 1.696219 4.699229 2.378762 1
1 1.000000 1 2.343696 5.893464 0.638288 1
2 1.000000 1 3.368340 7.908144 0.477097 1
3 1.000000 1 3.969862 8.547551 -0.125995 0
4 1.000000 1 3.194119 7.868259 -1.661961 0
5 1.000000 1 1.792953 6.759456 -2.489281 0
6 1.000000 1 1.507479 7.976605 -3.549258 0
7 1.000000 1 0.029922 8.535368 -4.197360 0
8 1.000000 1 0.277471 8.300269 -4.277252 0
10 1.000000 1 -0.761422 8.403413 -3.394999 0
12 1.000000 1 -0.649464 5.759432 -4.028678 0
13 1.000000 1 -1.530748 7.220657 -3.070272 0
14 1.000000 1 -2.643874 7.293573 -4.441138 0
16 1.000000 1 -4.035970 8.846658 -3.079476 0
17 1.000000 1 -2.538339 8.104943 -1.853991 0
18 1.000000 1 -2.977187 10.482019 -1.936481 0
19 1.000000 1 -4.714609 11.251466 -1.750236 0
20 1.000000 1 -4.144650 10.801314 -0.878648 0
21 1.000000 1 -4.592083 10.979598 -1.475942 0
22 1.000000 1 -4.076254 10.996416 -2.600029 0
23 1.000000 1 -4.417802 11.049281 -3.365223 0
25 1.000000 1 -4.488115 10.992985 -3.355203 0
27 1.000000 1 -6.037027 11.481858 -3.846933 0
28 1.000000 1 -5.862336 11.931748 -2.343547 0
30 1.000000 1 -6.838727 12.802178 -3.851168 0
31 1.000000 1 -7.295619 10.749425 -4.207201 0
34 1.000000 1 -7.978639 12.241745 -4.141362 0
38 1.000000 1 -7.027265 11.377949 -4.262482 0
39 1.000000 1 -8.870625 11.846860 -5.054501 0
40 1.000000 1 -9.444920 11.829852 -4.642965 0
41 1.000000 1 -9.102925 10.725026 -4.468333 0
42 1.000000 1 -8.857278 9.024272 -5.110442 0
43 1.000000 1 -8.968173 8.364283 -5.299865 0
45 1.000000 1 -7.938035 9.600503 -5.104728 0
46 1.000000 1 -7.004160 11.150321 -4.686383 0
47 1.000000 1 -7.043091 11.928014 -3.307684 0
48 1.000000 1 -6.939686 11.749877 -3.435796 0
49 1.000000 1 -8.898164 11.533420 -1.861676 0
52 1.000000 1 -8.841037 12.181384 -3.169482 0
53 1.000000 1 -8.689097 10.894137 -3.342213 0
54 1.000000 1 -8.071981 10.849602 -1.867934 0
55 1.000000 1 -8.742669 11.497616 -3.507697 0
56 1.000000 1 -9.081800 12.241196 -3.915997 0
57 1.000000 1 -7.792929 11.749419 -3.496370 0
61 1.000000 1 -8.716820 11.894464 -4.879466 0
63 1.000000 1 -9.195335 10.076712 -6.348729 0
64 1.000000 1 -8.141858 10.749458 -5.485997 0
65 1.000000 1 -9.506105 10.407527 -4.717857 0
67 1.000000 1 -10.724344 10.341692 -3.540248 0
68 1.000000 1 -10.070519 10.996048 -5.295239 0
69 1.000000 1 -9.938324 12.134380 -5.827464 0
71 1.000000 1 -12.704331 11.418244 -4.469890 0
72 1.000000 1 -13.290179 10.956193 -3.616081 0
73 1.000000 1 -12.202955 9.653088 -3.534536 0
74 1.000000 1 -13.738018 9.949437 -4.024404 0
75 1.000000 1 -13.808958 9.124941 -4.171499 0
76 1.000000 1 -12.589599 7.469943 -3.286299 0
77 1.000000 1 -11.149131 6.724552 -1.816143 0
78 1.000000 1 -10.652527 7.196168 -1.380854 0
80 1.000000 1 -11.047816 7.223330 -1.220241 0
82 1.000000 1 -10.079669 7.771191 -0.714662 0
83 1.000000 1 -10.513119 9.071836 0.300920 0
84 1.000000 1 -9.076116 8.001171 -0.810892 0
85 1.000000 1 -7.903422 8.062765 1.308936 0
87 1.000000 1 -8.280289 8.185321 -1.003461 0
88 1.000000 1 -8.261581 8.533593 -1.327403 0
89 1.000000 1 -8.229218 8.800439 -1.020498 0
90 1.000000 1 -7.555785 9.409834 0.925671 0
92 1.000000 1 -5.449677 7.965003 -0.011749 0
93 1.000000 1 -5.203265 6.562084 -3.172493 0
94 1.000000 1 -6.285785 6.086717 -2.757663 0
95 1.000000 1 -6.225461 6.873981 -1.833248 0
96 1.000000 1 -5.425111 8.611259 -1.937631 0
97 1.000000 1 -5.393681 9.517050 -2.022599 0
98 1.000000 1 -4.915299 11.063153 -0.468674 0
99 1.000000 1 -5.393652 12.341055 0.029951 0
102 1.000000 1 -5.631432 11.875234 -1.115274 0
104 1.000000 1 -5.657020 13.296639 -1.289691 0
105 1.000000 1 -3.609645 12.432567 0.077207 0
106 1.000000 1 -2.420229 13.226887 0.887204 0
108 1.000000 1 -2.191993 13.401098 1.747953 0
112 1.000000 1 -1.800105 13.981554 1.983280 0
113 1.000000 1 -2.717445 15.392898 2.709112 0
114 1.000000 1 -2.671858 14.924819 3.785973 0
115 1.000000 1 -1.844456 15.084333 4.853298 0
117 1.000000 1 -2.416056 13.523873 4.721709 0
118 1.000000 1 -2.344224 12.446993 4.869856 0
119 1.000000 1 -1.320730 12.410338 3.887997 0
120 1.000000 1 -1.961800 12.482401 1.274954 0
121 1.000000 1 -2.523571 12.598970 0.902597 0
122 1.000000 1 -3.928122 11.223149 0.606223 0
123 1.000000 1 -3.370416 10.801328 0.354301 0
125 1.000000 1 -4.132434 9.683500 0.280541 0
127 1.000000 1 -2.603267 8.361447 0.594069 0
128 1.000000 1 -0.374127 8.964705 1.110992 0
130 1.000000 1 -0.457588 8.669465 -0.037180 0
131 1.000000 1 -1.146968 8.285629 1.340341 0
133 1.000000 1 0.073971 6.813687 1.926757 1
134 1.000000 1 -0.927186 7.106898 0.803568 0
135 1.000000 1 -1.125919 8.303010 0.253880 0
136 1.000000 1 -1.546616 8.306606 1.355164 0
137 1.000000 1 -1.823190 9.066429 1.141066 0
138 1.000000 1 -0.752650 8.747789 1.950518 0
139 1.000000 1 -2.847854 8.945588 2.362003 0
140 1.000000 1 -2.525598 8.110482 3.936284 0
141 1.000000 1 -3.790156 7.494703 3.092909 0
142 1.000000 1 -4.275481 8.879479 1.566449 0
143 1.000000 1 -4.562674 8.186464 0.948875 0
144 1.000000 1 -5.249802 5.822225 1.182961 0
145 1.000000 1 -4.506123 6.277565 1.420217 0
146 1.000000 1 -4.701620 7.535271 -1.344977 0
147 1.000000 1 -5.461739 7.227397 -1.656260 0
148 1.000000 1 -7.854100 6.081100 -0.459002 0
151 1.000000 1 -7.484757 6.413513 0.773156 0
152 1.000000 1 -6.663653 6.216701 1.273638 0
153 1.000000 1 -7.316290 6.722580 1.120858 0
155 1.000000 1 -5.906683 4.217300 3.851422 0
156 1.000000 1 -6.285227 4.244813 2.242398 0
157 1.000000 1 -5.821134 4.447545 4.026572 0
158 1.000000 1 -3.732919 5.999203 2.972989 0
159 1.000000 1 -3.486393 6.609911 3.801889 0
160 1.000000 1 -2.794107 5.848368 5.045807 0
161 1.000000 1 -3.407648 5.753958 4.649705 0
162 1.000000 1 -1.553624 5.114121 6.110504 0
163 1.000000 1 -0.118628 3.566135 5.747118 0
164 1.000000 1 0.662218 2.634297 4.702981 1
165 1.000000 1 1.213738 2.623718 3.336310 1
166 1.000000 1 0.843080 3.984848 3.201312 1
167 1.000000 1 0.096306 4.324685 5.098405 1
168 1.000000 1 -0.751600 3.984257 4.815117 0
169 1.000000 1 -0.613007 2.065113 4.622804 0
171 1.000000 1 -1.669291 3.049310 5.344967 0
172 1.000000 1 -2.429945 3.839063 5.380996 0
175 1.000000 1 -1.841793 4.492263 6.849444 0
178 1.000000 1 -2.633235 4.312324 7.490720 0
181 1.000000 1 -2.847363 6.363526 8.109775 0
182 1.000000 1 -3.954749 6.821208 8.008511 0
183 1.000000 1 -2.127146 6.357678 6.388349 0
184 1.000000 1 -2.274511 6.088303 5.263850 0
186 1.000000 1 -2.058498 6.093204 5.919419 0
187 1.000000 1 -2.782519 5.018107 7.247033 0
189 1.000000 1 -2.008561 5.622490 7.919291 0
191 1.000000 1 -2.058064 6.029199 6.479668 0
192 1.000000 1 -3.690759 7.328880 5.999336 0
193 1.000000 1 -3.791029 6.958389 5.084023 0
194 1.000000 1 -3.698551 6.920264 5.824707 0
196 1.000000 1 -3.291698 4.995834 6.615974 0
197 1.000000 1 -2.656852 4.042432 5.053746 0
198 1.000000 1 -1.163535 3.376619 4.786626 0
200 1.000000 1 -0.631361 5.144881 3.948439 0
201 1.000000 1 -0.508016 6.334656 2.878579 0
202 1.000000 1 0.141046 6.820562 4.406717 1
203 1.000000 1 0.356258 7.160150 3.280375 1
204 1.000000 1 0.328265 7.055293 3.244461 1
206 1.000000 1 -0.210164 7.269176 4.626009 0
207 1.000000 1 0.238375 9.801012 3.708974 1
208 1.000000 1 0.722853 9.161287 3.661522 1
209 1.000000 1 0.856348 9.061980 4.262788 1
210 1.000000 1 0.724012 10.171108 5.325797 0
211 1.000000 1 0.502729 10.151092 6.856304 0
213 1.000000 1 1.402054 10.329314 5.866004 0
215 1.000000 1 0.885501 10.971733 8.834803 0
216 1.000000 1 1.127893 10.945270 8.754909 0
217 1.000000 1 1.070393 12.293543 9.378183 0
218 1.000000 1 -0.068013 11.550499 10.226073 0
220 1.000000 1 -0.240930 11.649934 9.994670 0
221 1.000000 1 -0.806063 10.192761 10.331877 0
222 1.000000 1 0.407688 10.165379 12.772467 0
224 1.000000 1 -0.236870 11.900706 12.730661 0
225 1.000000 1 0.107306 12.991005 11.811663 0
226 1.000000 1 -0.200448 13.079049 12.304780 0
228 1.000000 1 -0.200675 12.531255 11.939730 0
229 1.000000 1 -0.718243 11.827076 12.736286 0
230 1.000000 1 -2.187385 11.084629 12.898468 0
232 1.000000 1 -2.478358 10.295898 14.706618 0
233 1.000000 1 -2.300968 8.532969 14.804516 0
234 1.000000 1 -2.489854 7.532330 14.662934 0
235 1.000000 1 -2.776115 6.637540 13.808208 0
236 1.000000 1 -2.448485 5.572195 15.876427 0
238 1.000000 1 -2.677528 5.018245 16.842269 0
239 1.000000 1 -2.878442 4.493917 16.747606 0
240 1.000000 1 -0.666873 3.682548 18.584726 0
241 1.000000 1 -0.916636 3.207961 17.998787 0
242 1.000000 1 -1.220938 3.072550 17.741108 0
243 1.000000 1 -2.394515 4.985964 17.129982 0
244 1.000000 1 -2.802288 3.548485 17.532869 0
245 1.000000 1 -3.893109 5.528661 18.548862 0
246 1.000000 1 -3.014417 5.836557 17.019247 0
249 1.000000 1 -3.431681 5.857375 14.562857 0
250 1.000000 1 -2.205130 5.625984 13.306640 0
251 1.000000 1 -1.620619 5.461171 13.104836 0
252 1.000000 1 -0.340237 5.327812 14.199927 0
253 1.000000 1 -0.417530 5.131118 12.690342 0
254 1.000000 1 -1.498408 5.645558 14.590992 0
255 1.000000 1 -1.306792 5.812919 14.208532 0
256 1.000000 1 -0.349395 6.696106 15.098138 0
257 1.000000 1 -1.970325 6.001798 15.315763 0
259 1.000000 1 -2.181459 4.185078 15.626698 0
260 1.000000 1 -3.106217 3.096941 16.836018 0
261 1.000000 1 -1.895010 1.521247 18.389953 0
262 1.000000 1 -0.861907 4.480007 17.589956 0
263 1.000000 1 -0.882298 3.763900 19.359436 0
264 1.000000 1 -0.306516 2.556469 19.590201 0
265 1.000000 1 0.105446 2.986581 20.210504 0
266 1.000000 1 2.113440 2.884904 20.973116 0
267 1.000000 1 3.859780 3.586326 20.864798 0
268 1.000000 1 3.564687 3.756266 21.295416 0
269 1.000000 1 3.261798 2.936732 21.237869 0
270 1.000000 1 4.665114 2.484511 22.557808 0
271 1.000000 1 5.522946 1.233472 21.994355 0
272 1.000000 1 4.289844 0.709685 20.507474 0
273 1.000000 1 4.799373 -0.856741 20.361746 0
276 1.000000 1 4.678698 -1.252208 21.211241 0
277 1.000000 1 3.229867 -2.023762 23.295315 0
278 1.000000 1 4.988431 -1.624037 22.698046 0
279 1.000000 1 6.727752 -1.277993 21.955391 0
280 1.000000 1 7.367583 -1.393392 23.047189 0
281 1.000000 1 8.437696 -1.341587 23.021050 0
282 1.000000 1 9.066765 0.502919 22.670325 0
285 1.000000 1 9.442916 -0.934796 23.937969 0
286 1.000000 1 9.012738 -1.427561 24.003287 0
290 1.000000 1 9.137850 -3.937082 23.579035 0
291 1.000000 1 7.240072 -4.262272 26.315288 0
292 1.000000 1 7.088318 -3.287027 25.050890 0
293 1.000000 1 5.936028 -3.282188 24.681482 0
294 1.000000 1 6.422035 -3.386912 24.627040 0
296 1.000000 1 7.020378 -2.679692 24.416794 0
297 1.000000 1 6.201261 -3.928496 23.462524 0
298 1.000000 1 6.163160 -6.315955 21.874788 0
299 1.000000 1 5.976978 -6.333419 22.352113 0
300 1.000000 1 5.180323 -5.156249 22.860696 0
301 1.000000 1 5.006474 -7.504347 23.636348 0
302 1.000000 1 4.942646 -7.987287 22.002315 0
305 1.000000 1 4.339479 -9.492271 22.399076 0
307 1.000000 1 3.833501 -9.008361 22.259075 0
308 1.000000 1 5.075902 -7.837621 22.006307 0
309 1.000000 1 4.384762 -8.979095 20.622929 0
310 1.000000 1 3.771841 -9.386562 20.761144 0
311 1.000000 1 2.661012 -10.113928 20.352385 0
312 1.000000 1 3.421792 -8.154337 21.069055 0
313 1.000000 1 5.636819 -8.975862 21.253099 0
314 1.000000 1 4.519697 -10.259170 22.529139 0
316 1.000000 1 4.522369 -10.996734 22.314987 0
317 1.000000 1 2.588315 -8.811810 23.912102 0
318 1.000000 1 4.514874 -8.600778 23.773241 0
319 1.000000 1 4.670827 -6.950696 23.825839 0
320 1.000000 1 5.130776 -6.932342 24.079300 0
321 1.000000 1 5.182749 -5.470346 23.724402 0
322 1.000000 1 4.382111 -4.631219 24.802158 0
323 1.000000 1 4.885217 -4.367299 24.373193 0
324 1.000000 1 4.603708 -4.567918 24.903411 0
325 1.000000 1 2.747709 -5.869255 24.787925 0
327 1.000000 1 3.610930 -6.389695 25.750177 0
328 1.000000 1 4.011083 -8.182454 26.244451 0
329 1.000000 1 3.386769 -10.258221 26.120156 0
330 1.000000 1 1.289271 -9.027301 24.798992 0
331 1.000000 1 1.311311 -8.283106 25.818968 0
332 1.000000 1 1.457722 -8.713594 24.610469 0
333 1.000000 1 1.457767 -8.843189 23.591471 0
334 1.000000 1 1.071742 -9.132297 23.008353 0
335 1.000000 1 1.619755 -9.322129 22.639449 0
336 1.000000 1 1.177135 -9.403038 21.780615 0
337 1.000000 1 1.222190 -9.816629 21.991803 0
338 1.000000 1 0.369270 -9.372525 23.428235 0
339 1.000000 1 0.257041 -10.453682 23.020290 0
340 1.000000 1 0.659686 -9.439248 22.612594 0
341 1.000000 1 2.878272 -10.292703 22.032909 0
342 1.000000 1 2.867444 -11.162540 23.399705 0
343 1.000000 1 1.987987 -11.340069 21.961811 0
344 1.000000 1 4.134616 -12.622329 21.253131 0
345 1.000000 1 4.711180 -12.194594 21.062813 0
346 1.000000 1 3.162241 -12.028696 20.643740 0
348 1.000000 1 3.115052 -11.515414 21.512243 0
349 1.000000 1 2.867596 -12.414694 22.113261 0
350 1.000000 1 2.853849 -12.472222 22.266278 0
351 1.000000 1 3.637416 -13.010026 21.952515 0
352 1.000000 1 4.150406 -12.005623 20.656760 0
353 1.000000 1 3.832273 -11.235617 21.860101 0
354 1.000000 1 3.563892 -10.658276 23.003033 0
355 1.000000 1 3.169296 -10.037748 22.748389 0
356 1.000000 1 4.543094 -9.900307 23.210174 0
357 1.000000 1 5.589410 -9.972667 22.846475 0
358 1.000000 1 6.139531 -9.161123 22.290637 0
359 1.000000 1 4.797409 -9.385015 21.254262 0
361 1.000000 1 3.536085 -9.761139 20.443568 0
362 1.000000 1 5.044574 -11.326849 20.743375 0
363 1.000000 1 5.007965 -12.722813 21.451078 0
365 1.000000 1 5.753309 -12.474181 21.691955 0
366 1.000000 1 3.450313 -11.093476 20.350031 0
367 1.000000 1 2.739300 -9.402835 19.536056 0
368 1.000000 1 3.289483 -8.895824 19.388886 0
369 1.000000 1 3.448279 -7.214384 18.391366 0
370 1.000000 1 4.517331 -8.024289 17.931583 0
372 1.000000 1 4.650392 -8.776659 17.163881 0
373 1.000000 1 4.734152 -9.006237 17.947088 0
374 1.000000 1 5.869359 -7.691336 18.986881 0
375 1.000000 1 5.965183 -8.066990 17.925070 0
376 1.000000 1 4.419134 -9.067191 17.974445 0
377 1.000000 1 4.727420 -8.824047 16.147102 0
379 1.000000 1 5.305561 -9.861951 16.625592 0
380 1.000000 1 6.491260 -10.252030 15.873658 0
381 1.000000 1 6.051361 -11.266825 15.646025 0
383 1.000000 1 7.058698 -10.402802 15.892953 0
384 1.000000 1 5.664791 -10.223204 17.554874 0
385 1.000000 1 5.830058 -9.838570 17.223184 0
386 1.000000 1 6.758000 -10.427207 18.098391 0
387 1.000000 1 6.993118 -10.261561 18.628723 0
388 1.000000 1 5.642150 -9.229849 18.780742 0
390 1.000000 1 5.067930 -8.078834 19.924440 0
391 1.000000 1 4.648436 -7.409460 19.957821 0
392 1.000000 1 5.647634 -8.130632 19.516033 0
393 1.000000 1 6.252817 -7.418581 20.119335 0
394 1.000000 1 6.657103 -7.368245 21.793926 0
395 1.000000 1 5.229118 -7.383371 21.771917 0
396 1.000000 1 4.282458 -6.677856 23.183531 0
397 1.000000 1 3.622854 -6.894502 24.102184 0
398 1.000000 1 2.616695 -8.767915 23.589557 0
399 1.000000 1 4.982139 -8.085087 22.314922 0
400 1.000000 1 5.704113 -5.245864 22.784877 0
401 1.000000 1 4.362925 -5.351634 21.334987 0
402 1.000000 1 3.774798 -5.749283 20.141711 0
403 1.000000 1 3.703041 -5.513171 19.157717 0
406 1.000000 1 3.102825 -3.689528 19.630485 0
407 1.000000 1 4.027775 -3.514638 20.291438 0
408 1.000000 1 3.995255 -2.597087 20.033975 0
409 1.000000 1 3.931553 -2.499751 21.420536 0
410 1.000000 1 4.519983 -2.446967 21.731929 0
411 1.000000 1 5.953118 -0.781886 20.934478 0
412 1.000000 1 6.360872 0.002495 19.641179 0
413 1.000000 1 5.313646 0.808469 20.573979 0
414 1.000000 1 5.935210 0.901669 20.884505 0
415 1.000000 1 4.697090 0.273872 21.118959 0
416 1.000000 1 5.080867 0.456303 22.398046 0
417 1.000000 1 5.336395 1.929777 22.278518 0
418 1.000000 1 5.143807 2.037656 21.489925 0
419 1.000000 1 4.165216 0.443361 20.889902 0
421 1.000000 1 3.606608 2.569557 22.608638 0
423 1.000000 1 3.737272 0.576207 22.347667 0
424 1.000000 1 4.927463 0.499062 22.172960 0
425 1.000000 1 4.817605 -0.344878 20.649208 0
426 1.000000 1 5.768115 1.544352 20.150436 0
427 1.000000 1 4.298753 2.147178 20.949114 0
428 1.000000 1 4.147255 2.214659 22.431331 0
430 1.000000 1 5.018150 0.693704 22.404791 0
431 1.000000 1 6.324359 1.134901 24.043538 0
432 1.000000 1 5.259993 1.488128 23.567972 0
433 1.000000 1 5.484439 2.758200 23.804573 0
434 1.000000 1 5.630814 -0.350615 23.912604 0
435 1.000000 1 7.646147 -0.172193 24.094728 0
436 1.000000 1 7.770288 0.959711 21.869719 0
438 1.000000 1 8.765170 0.227588 23.020638 0
439 1.000000 1 8.912214 -0.635981 21.765599 0
440 1.000000 1 8.833143 0.272138 22.779655 0
441 1.000000 1 9.681833 0.586342 24.264765 0
442 1.000000 1 10.224071 -1.307494 24.293386 0
443 1.000000 1 11.411746 0.984986 25.375943 0
444 1.000000 1 11.298336 2.973444 26.341411 0
445 1.000000 1 10.894185 2.344136 26.820830 0
446 1.000000 1 10.339834 1.427584 26.859325 0
447 1.000000 1 12.507491 1.694287 26.588855 0
449 1.000000 1 12.538504 0.064458 28.235970 0
450 1.000000 1 11.627455 0.569383 27.922793 0
451 1.000000 1 12.375854 1.805540 28.297792 0
452 1.000000 1 12.270073 1.326989 26.686927 0
453 1.000000 1 12.106206 2.589444 27.593361 0
454 1.000000 1 11.961476 1.597536 28.297174 0
456 1.000000 1 13.172634 2.425363 30.011563 0
457 1.000000 1 13.397161 1.639619 30.321973 0
458 1.000000 1 13.852289 0.971935 28.930917 0
460 1.000000 1 12.887473 1.422266 28.037119 0
461 1.000000 1 12.865004 -0.319250 27.508868 0
463 1.000000 1 11.813425 -0.620525 26.552124 0
464 1.000000 1 12.637839 -0.345868 26.353196 0
465 1.000000 1 11.752579 -1.801664 25.092017 0
466 1.000000 1 10.533970 -3.005967 24.438170 0
467 1.000000 1 11.032362 -3.449479 23.591609 0
468 1.000000 1 11.261437 -4.895866 23.709842 0
469 1.000000 1 10.524068 -4.812994 24.064885 0
470 1.000000 1 10.743309 -5.238305 23.243491 0
471 1.000000 1 8.859070 -6.944387 21.818469 0
472 1.000000 1 8.749904 -8.713537 19.929929 0
473 1.000000 1 10.872727 -6.535744 19.992041 0
474 1.000000 1 11.936606 -6.516132 19.992671 0
475 1.000000 1 14.198184 -6.909185 20.913935 0
476 1.000000 1 14.128695 -7.846715 20.739807 0
477 1.000000 1 13.582548 -8.634906 21.379730 0
478 1.000000 1 14.608798 -9.397392 21.871265 0
479 1.000000 1 14.080936 -8.806682 24.483918 0
480 1.000000 1 13.664373 -6.680550 26.046797 0
481 1.000000 1 14.827486 -7.063777 25.029686 0
482 1.000000 1 15.137360 -7.166684 25.513646 0
483 1.000000 1 14.950216 -8.462288 24.842948 0
485 1.000000 1 16.172073 -9.530298 23.683631 0
486 1.000000 1 15.009257 -9.907237 22.679523 0
487 1.000000 1 13.785569 -10.804826 23.622974 0
488 1.000000 1 13.717853 -12.079847 21.486810 0
489 1.000000 1 14.021811 -14.167981 20.649169 0
490 1.000000 1 12.304760 -13.569886 20.260991 0
491 1.000000 1 14.091687 -12.985441 19.356644 0
493 1.000000 1 12.479258 -12.345847 18.954194 0
494 1.000000 1 10.611799 -12.530764 17.598903 0
495 1.000000 1 10.540872 -10.257111 18.419506 0
498 1.000000 1 9.190328 -9.782544 18.869601 0
499 1.000000 1 8.619058 -10.515796 18.148276 0
500 1.000000 1 8.573578 -9.854338 19.971658 0
501 1.000000 1 6.866605 -10.274205 20.226379 0
502 1.000000 1 6.728038 -10.358130 19.959004 0
503 1.000000 1 7.473354 -11.580148 18.978974 0
504 1.000000 1 8.183891 -11.071420 19.243916 0
505 1.000000 1 7.558116 -12.476219 19.957138 0
506 1.000000 1 6.787493 -11.163979 18.880141 0
508 1.000000 1 5.939185 -11.165376 20.625295 0
509 1.000000 1 5.706920 -10.338920 21.261017 0
511 1.000000 1 7.358911 -9.805456 20.915963 0
512 1.000000 1 7.371687 -8.995231 22.105575 0
513 1.000000 1 7.842483 -7.623693 22.750870 0
514 1.000000 1 5.927209 -7.937364 21.758154 0
515 1.000000 1 5.850161 -6.948232 21.283948 0
516 1.000000 1 6.341073 -6.479504 21.330836 0
517 1.000000 1 6.145355 -6.031165 21.102487 0
518 1.000000 1 6.830448 -5.008420 20.963733 0
519 1.000000 1 6.226441 -4.150389 20.142694 0
520 1.000000 1 6.511648 -3.493629 17.789659 0
521 1.000000 1 6.809555 -2.129764 16.600926 0
522 1.000000 1 5.968140 -3.167574 16.086805 0
523 1.000000 1 5.593733 -3.453328 14.555311 0
524 1.000000 1 5.043549 -4.522991 14.178089 0
525 1.000000 1 5.242246 -3.025888 13.039536 0
526 1.000000 1 5.698255 -2.357164 11.950613 0
527 1.000000 1 5.422065 -2.233440 12.198894 0
528 1.000000 1 4.563188 -1.667823 12.484445 0
529 1.000000 1 5.399518 -2.815428 13.281184 0
530 1.000000 1 3.870437 -3.109237 13.521809 0
531 1.000000 1 5.145196 -5.028420 14.316564 0
532 1.000000 1 5.113989 -3.068403 13.442937 0
536 1.000000 1 5.871194 -3.576357 12.497366 0
537 1.000000 1 6.123271 -3.162602 11.293839 0
538 1.000000 1 6.100632 -3.266135 11.935403 0
539 1.000000 1 7.655185 -4.510317 12.242516 0
540 1.000000 1 6.742736 -2.596215 11.773015 0
541 1.000000 1 8.436877 -2.790157 10.954319 0
542 1.000000 1 9.162895 -3.292732 9.829836 1
543 1.000000 1 10.344665 -1.649370 9.386958 0
545 1.000000 1 10.206831 -1.224744 9.429900 0
546 1.000000 1 8.459943 -3.464272 10.256250 0
548 1.000000 1 10.601545 -2.604930 10.422790 0
550 1.000000 1 12.170269 -2.973599 10.381596 0
551 1.000000 1 11.959083 -3.474466 8.470706 0
557 1.000000 1 12.795472 -3.078274 8.856333 0
558 1.000000 1 11.934411 -4.550632 10.489461 0
559 1.000000 1 11.099901 -4.795500 11.955293 0
560 1.000000 1 10.640575 -3.976087 11.124722 0
561 1.000000 1 11.556561 -5.119545 11.573513 0
562 1.000000 1 11.712180 -5.622041 9.458914 0
563 1.000000 1 10.350285 -6.791951 9.867700 0
565 1.000000 1 11.674389 -8.123300 10.280084 0
566 1.000000 1 11.766135 -9.115894 9.913888 0
567 1.000000 1 11.588608 -10.894312 9.037926 0
568 1.000000 1 12.152133 -10.760644 10.049201 0
569 1.000000 1 10.821505 -12.339889 10.185522 0
570 1.000000 1 9.734962 -13.752559 10.550712 0
571 1.000000 1 9.083933 -13.676434 11.072550 0
572 1.000000 1 10.866749 -13.329289 12.445038 0
573 1.000000 1 10.053570 -13.255679 12.656869 0
574 1.000000 1 9.481253 -11.472599 12.393189 0
576 1.000000 1 10.244806 -10.620730 11.480262 0
578 1.000000 1 12.841352 -9.619992 11.566009 0
579 1.000000 1 12.729282 -9.993922 11.673948 0
580 1.000000 1 13.108190 -10.086508 11.692527 0
581 1.000000 1 13.319091 -10.241957 12.104051 0
582 1.000000 1 12.513747 -10.501777 11.369428 0
583 1.000000 1 12.984736 -9.549478 11.234017 0
584 1.000000 1 13.627713 -9.299236 10.856042 0
586 1.000000 1 13.512566 -7.680404 11.123414 0
587 1.000000 1 11.101777 -7.280929 10.635732 0
588 1.000000 1 11.564360 -7.468069 10.379779 0
590 1.000000 1 11.568855 -7.408751 10.167092 0
591 1.000000 1 10.611971 -8.684495 11.006352 0
592 1.000000 1 11.983584 -8.826520 11.134155 0
593 1.000000 1 11.668090 -8.424034 10.549936 0
594 1.000000 1 11.145709 -6.416278 10.201526 0
595 1.000000 1 11.921019 -4.852209 10.380091 0
596 1.000000 1 11.188730 -4.677097 11.028974 0
597 1.000000 1 12.267444 -4.410585 12.264128 0
598 1.000000 1 11.138345 -4.431343 11.614991 0
600 1.000000 1 12.215960 -3.306391 12.062522 0
602 1.000000 1 11.170754 -3.981486 13.106621 0
604 1.000000 1 11.097384 -5.377712 13.529326 0
605 1.000000 1 9.342600 -4.031154 13.201537 0
606 1.000000 1 9.076385 -1.924052 14.339583 0
608 1.000000 1 8.044840 -1.666935 15.539465 0
609 1.000000 1 7.003387 -0.612197 15.923796 0
610 1.000000 1 6.306388 0.453660 15.363441 0
612 1.000000 1 7.051045 -0.968336 15.927682 0
613 1.000000 1 5.977092 -2.301628 16.865961 0
614 1.000000 1 6.722182 -2.611288 16.827913 0
615 1.000000 1 6.010927 -3.063121 17.150120 0
616 1.000000 1 7.608490 -2.354178 16.103817 0
617 1.000000 1 6.656078 -1.798279 14.449094 0
619 1.000000 1 7.875613 -2.821841 13.631952 0
620 1.000000 1 7.218244 -2.891886 12.902230 0
622 1.000000 1 7.224902 -2.456250 12.848014 0
623 1.000000 1 7.658255 -2.236340 12.043326 0
624 1.000000 1 6.910076 -2.698529 12.956896 0
625 1.000000 1 6.907607 -2.185380 13.645839 0
626 1.000000 1 6.439795 -3.121663 14.486687 0
627 1.000000 1 7.523254 -3.494082 14.758693 0
630 1.000000 1 8.714321 -2.452782 15.900775 0
632 1.000000 1 7.756592 -1.784477 16.234239 0
633 1.000000 1 9.277098 -1.879457 15.071856 0
634 1.000000 1 10.206196 -2.241485 14.303346 0
635 1.000000 1 9.859337 -1.528270 15.333881 0
636 1.000000 1 7.793570 -0.572538 15.283423 0
637 1.000000 1 7.440740 0.215817 15.974218 0
638 1.000000 1 7.687943 -0.552749 16.584156 0
640 1.000000 1 8.851097 -1.665343 18.413812 0
641 1.000000 1 9.246888 -2.470743 18.439952 0
642 1.000000 1 8.455626 -3.470776 19.272992 0
643 1.000000 1 7.789824 -3.269785 19.485307 0
644 1.000000 1 7.129216 -2.854109 19.097274 0
645 1.000000 1 7.097286 -2.289528 16.759622 0
647 1.000000 1 6.541008 -2.881198 18.114502 0
648 1.000000 1 7.714763 -3.394959 17.942375 0
649 1.000000 1 9.503481 -2.297843 18.137045 0
650 1.000000 1 9.304039 -1.208273 18.737845 0
651 1.000000 1 8.759325 0.346186 18.052309 0
652 1.000000 1 7.427644 0.859739 16.908606 0
653 1.000000 1 8.125097 1.548255 16.696224 0
654 1.000000 1 8.932748 4.217228 15.704184 0
655 1.000000 1 7.351177 2.921418 14.791207 0
656 1.000000 1 6.488897 4.387728 14.438849 0
658 1.000000 1 6.135125 4.368906 14.049474 0
659 1.000000 1 6.753222 4.923928 14.236948 0
660 1.000000 1 6.835527 5.396650 12.771762 0
662 1.000000 1 6.317823 5.886763 12.555641 0
663 1.000000 1 5.090685 6.315487 12.908136 0
665 1.000000 1 4.873498 6.863810 12.324215 0
667 1.000000 1 5.217909 6.665778 11.703628 0
668 1.000000 1 4.409439 7.298143 11.358550 0
669 1.000000 1 4.305522 6.546261 13.353710 0
670 1.000000 1 5.211040 6.286355 13.519661 0
671 1.000000 1 4.372903 6.662424 13.723529 0
673 1.000000 1 5.453841 7.735347 13.280901 0
674 1.000000 1 5.626550 8.918443 13.349491 0
675 1.000000 1 4.129350 8.236985 12.978099 0
676 1.000000 1 4.514715 6.908774 13.728395 0
677 1.000000 1 5.306034 5.611887 12.874529 0
678 1.000000 1 3.835075 5.204639 12.749124 0
679 1.000000 1 3.427045 3.270627 12.682991 0
680 1.000000 1 3.325463 3.680615 12.398199 0
681 1.000000 1 2.869157 1.791244 11.873020 0
682 1.000000 1 5.661706 2.045139 10.905612 0
683 1.000000 1 6.781616 1.255675 10.454593 0
684 1.000000 1 7.758678 1.536528 9.539286 1
685 1.000000 1 7.028673 4.795146 10.064382 0
686 1.000000 1 7.963326 4.931419 10.505599 0
687 1.000000 1 6.502663 5.536770 10.517869 0
688 1.000000 1 6.415255 6.400880 10.024433 0
689 1.000000 1 5.692475 7.410985 10.537877 0
690 1.000000 1 6.142416 7.473171 10.338431 0
691 1.000000 1 5.036956 7.071095 10.100933 0
692 1.000000 1 5.082226 7.323288 9.581734 1
693 1.000000 1 4.225555 6.171857 10.230904 0
694 1.000000 1 4.526048 5.943446 9.964361 1
695 1.000000 1 4.220874 2.924525 8.699536 1
696 1.000000 1 5.360171 3.228500 9.587654 1
697 1.000000 1 6.849306 4.757049 9.124930 1
698 1.000000 1 6.490273 4.313409 9.227179 1
699 1.000000 1 5.754600 4.236316 10.988042 0
700 1.000000 1 5.515668 3.379199 9.636752 1
701 1.000000 1 4.859422 2.277194 9.272022 1
702 1.000000 1 3.825268 2.496042 9.772328 1
703 1.000000 1 3.798083 3.248502 9.804641 1
704 1.000000 1 3.334865 3.487594 8.590916 1
706 1.000000 1 4.251900 3.018041 8.805102 1
707 1.000000 1 3.909301 3.335499 8.962898 1
708 1.000000 1 3.520670 2.807014 7.599954 1
709 1.000000 1 2.822283 1.254806 7.972473 1
711 1.000000 1 3.431632 1.261746 8.676886 1
712 1.000000 1 3.305582 0.238252 11.153069 0
713 1.000000 1 2.653646 0.212807 11.792546 0
714 1.000000 1 4.154227 0.971245 11.365850 0
715 1.000000 1 4.676729 0.696847 10.070904 0
716 1.000000 1 3.865153 0.355720 10.878195 0
717 1.000000 1 3.132955 0.774124 9.366244 1
718 1.000000 1 2.607636 1.735599 8.443612 1
719 1.000000 1 1.263931 1.928888 9.269464 1
720 1.000000 1 0.428135 1.459802 10.164566 0
721 1.000000 1 0.784911 1.190505 11.190433 0
722 1.000000 1 0.540621 0.215616 11.907731 0
723 1.000000 1 1.946958 0.283889 11.484463 0
724 1.000000 1 1.070613 0.357009 10.339659 0
725 1.000000 1 1.082002 -0.746731 10.366793 0
726 1.000000 1 0.277050 -1.108884 9.396525 1
727 1.000000 1 -1.517917 -2.180871 8.361106 0
728 1.000000 1 -2.720113 -4.257769 8.562494 0
729 1.000000 1 -2.631310 -4.617350 6.455127 0
731 1.000000 1 -1.253724 -5.376746 6.437261 0
732 1.000000 1 -0.663547 -5.893617 8.356945 0
733 1.000000 1 -0.825315 -5.024955 8.903502 0
734 1.000000 1 -0.696458 -4.796308 8.971695 0
735 1.000000 1 -1.894084 -3.663711 8.673721 0
736 1.000000 1 -3.539384 -3.093918 8.497291 0
737 1.000000 1 -4.100647 -3.033573 8.007090 0
738 1.000000 1 -3.524194 -2.523695 9.366121 0
739 1.000000 1 -2.754416 -1.452034 8.622302 0
740 1.000000 1 -1.155324 -1.023837 7.789537 0
741 1.000000 1 -1.666430 -0.952692 6.834876 0
743 1.000000 1 -0.481252 -0.138370 6.182202 0
745 1.000000 1 -1.265639 -0.003536 7.287858 0
746 1.000000 1 -3.451850 -0.748834 7.411339 0
747 1.000000 1 -4.128843 -0.157644 6.612965 0
748 1.000000 1 -5.134039 0.539520 7.827651 0
749 1.000000 1 -6.136602 0.589539 7.918210 0
750 1.000000 1 -6.599297 1.665766 8.291872 0
751 1.000000 1 -8.017873 1.834699 10.351218 0
752 1.000000 1 -7.800220 3.008396 10.440961 0
753 1.000000 1 -8.625792 4.421204 9.767225 0
754 1.000000 1 -6.610607 5.427900 8.781665 0
757 1.000000 1 -6.913516 4.657381 9.112118 0
758 1.000000 1 -5.868785 5.548285 6.484559 0
759 1.000000 1 -4.623752 5.311020 6.181402 0
761 1.000000 1 -3.703727 5.077009 7.065392 0
763 1.000000 1 -4.152099 4.743849 9.031005 0
764 1.000000 1 -5.810740 6.111502 9.833777 0
765 1.000000 1 -5.339254 5.282207 9.507920 0
766 1.000000 1 -4.492966 6.018898 7.631156 0
768 1.000000 1 -5.967960 7.105282 6.022410 0
769 1.000000 1 -5.466927 5.636477 4.606380 0
770 1.000000 1 -6.467644 4.869752 3.495354 0
771 1.000000 1 -5.233152 3.383696 3.170653 0
772 1.000000 1 -5.553009 2.541297 2.058371 0
773 1.000000 1 -5.745278 2.865767 2.419536 0
775 1.000000 1 -4.771411 2.466530 3.826635 0
776 1.000000 1 -3.898167 3.389386 3.903202 0
777 1.000000 1 -4.126891 2.935852 2.679126 0
778 1.000000 1 -4.942780 2.915236 3.339835 0
781 1.000000 1 -4.938808 2.583511 2.226081 0
783 1.000000 1 -4.790822 0.839153 2.926213 0
784 1.000000 1 -4.049512 -1.455459 1.408653 0
785 1.000000 1 -2.530407 -2.310634 0.655374 0
787 1.000000 1 -0.798273 -2.810246 -0.139008 0
788 1.000000 1 -0.875658 -2.142779 0.237300 0
789 1.000000 1 0.015795 -0.832324 0.119466 1
790 1.000000 1 1.414466 -1.917806 -0.542478 0
791 1.000000 1 2.106018 -0.005915 -1.162197 0
792 1.000000 1 2.789417 1.580659 -1.468427 0
794 1.000000 1 3.282199 2.024222 -1.115592 0
798 1.000000 1 3.139372 3.709274 -0.697575 0
799 1.000000 1 4.151558 3.034250 -1.295756 0
801 1.000000 1 5.155835 3.824430 -1.412174 0
802 1.000000 1 4.625164 6.105573 -1.606642 0
803 1.000000 1 3.950463 6.285550 -2.757852 0
805 1.000000 1 4.945723 6.205093 -2.707691 0
806 1.000000 1 5.799129 8.701175 -3.101087 0
807 1.000000 1 5.678678 7.786796 -1.939688 0
809 1.000000 1 6.145998 8.472506 -1.743198 0
810 1.000000 1 5.150580 9.650971 -3.469711 0
811 1.000000 1 5.546402 10.363690 -3.542443 0
812 1.000000 1 7.060406 13.283234 -3.821866 0
813 1.000000 1 7.060463 13.783622 -3.935612 0
815 1.000000 1 8.083082 13.617071 -3.430556 0
816 1.000000 1 8.335352 14.185348 -3.493579 0
818 1.000000 1 8.318658 12.594914 -4.639940 0
819 1.000000 1 8.348305 12.472839 -5.857894 0
820 1.000000 1 9.110804 12.314212 -3.506480 0
823 1.000000 1 9.396502 12.102432 -2.156533 0
825 1.000000 1 9.084800 13.583867 -1.772216 0
826 1.000000 1 7.523771 12.429929 -1.013691 0
827 1.000000 1 8.212241 13.516015 0.104126 0
828 1.000000 1 8.695824 15.243777 -1.122640 0
829 1.000000 1 7.358661 15.532084 0.255557 0
830 1.000000 1 6.624188 14.520097 0.446735 0
831 1.000000 1 5.088535 13.641601 -2.051160 0
833 1.000000 1 5.776221 16.926196 -1.034398 0
834 1.000000 1 5.749229 16.234670 -1.703931 0
835 1.000000 1 6.471173 15.734036 -1.350049 0
836 1.000000 1 7.291988 15.004491 -3.567401 0
837 1.000000 1 7.737753 14.332479 -3.685300 0
838 1.000000 1 7.005306 15.547595 -2.565723 0
839 1.000000 1 6.942946 17.461320 -2.473450 0
840 1.000000 1 6.498035 17.148193 -2.907793 0
841 1.000000 1 7.679993 16.189388 -3.121462 0
842 1.000000 1 8.426438 16.116192 -3.291107 0
843 1.000000 1 8.174139 15.375438 -1.866575 0
845 1.000000 1 7.047757 16.639435 -1.910271 0
846 1.000000 1 5.911105 15.396390 -3.072728 0
847 1.000000 1 6.040670 13.530450 -3.235354 0
848 1.000000 1 6.578553 11.431838 -2.761150 0
849 1.000000 1 6.765794 13.508304 -1.741576 0
851 1.000000 1 5.475732 13.214240 -3.046640 0
852 1.000000 1 3.669201 13.141085 -4.423344 0
853 1.000000 1 3.033839 13.691996 -5.829915 0
854 1.000000 1 3.574832 14.530478 -6.172130 0
856 1.000000 1 3.980573 16.449323 -7.719913 0
857 1.000000 1 3.648344 17.778136 -7.342931 0
858 1.000000 1 4.468117 18.250916 -8.133964 0
859 1.000000 1 4.994264 18.809772 -8.294575 0
860 1.000000 1 4.723170 16.410925 -8.865206 0
861 1.000000 1 4.778273 15.237216 -9.414184 0
863 1.000000 1 5.038197 15.920874 -8.707349 0
864 1.000000 1 6.725744 18.052379 -9.094340 0
865 1.000000 1 8.027753 17.603807 -9.079238 0
867 1.000000 1 8.837824 17.226396 -9.011312 0
869 1.000000 1 9.962583 14.937965 -10.073107 0
870 1.000000 1 12.422400 15.464140 -10.590667 0
871 1.000000 1 10.920376 14.565954 -11.264346 0
872 1.000000 1 10.264913 13.793546 -10.880519 0
873 1.000000 1 11.252394 14.015147 -10.634794 0
874 1.000000 1 10.406450 14.652076 -9.599385 0
875 1.000000 1 10.814876 14.720794 -8.580901 0
876 1.000000 1 11.034472 15.638993 -8.479454 0
877 1.000000 1 10.808317 15.038417 -6.770461 0
878 1.000000 1 11.756314 14.946899 -5.792221 0
879 1.000000 1 12.342447 14.413457 -5.868426 0
880 1.000000 1 12.924060 15.263688 -5.433047 0
881 1.000000 1 15.053873 15.061811 -6.188194 0
882 1.000000 1 15.772693 13.988485 -5.305617 0
883 1.000000 1 13.762374 15.158867 -5.253640 0
884 1.000000 1 16.612205 16.108798 -4.508838 0
885 1.000000 1 16.855651 16.236585 -2.753962 0
886 1.000000 1 15.032788 16.827712 -1.995791 0
887 1.000000 1 15.016125 16.341935 -0.481692 0
889 1.000000 1 15.294934 16.001324 -3.277725 0
890 1.000000 1 15.465267 15.009141 -1.748122 0
891 1.000000 1 15.452823 15.944035 -2.943187 0
892 1.000000 1 15.177326 15.391019 -3.279388 0
893 1.000000 1 14.925006 14.822019 -3.315432 0
894 1.000000 1 14.139573 14.005649 -3.238683 0
895 1.000000 1 13.071795 13.278403 -3.607743 0
896 1.000000 1 11.527986 13.050433 -4.283501 0
897 1.000000 1 12.679763 13.534086 -3.436570 0
900 1.000000 1 12.028793 14.436548 -3.455242 0
902 1.000000 1 12.499610 14.866695 -5.507289 0
904 1.000000 1 13.523261 13.497507 -4.266175 0
905 1.000000 1 13.756800 14.596702 -3.572146 0
906 1.000000 1 13.386749 15.378917 -4.955727 0
907 1.000000 1 12.224414 17.747858 -4.372853 0
909 1.000000 1 11.859971 17.840020 -4.894419 0
911 1.000000 1 11.907637 18.000905 -4.548937 0
912 1.000000 1 11.268269 18.779091 -4.323712 0
914 1.000000 1 11.898204 19.270488 -5.079081 0
915 1.000000 1 12.208752 19.599781 -5.842056 0
916 1.000000 1 10.668568 20.104902 -4.427006 0
917 1.000000 1 11.543838 20.599820 -4.260748 0
918 1.000000 1 10.745499 19.896459 -3.513604 0
919 1.000000 1 10.323957 19.417381 -2.557706 0
920 1.000000 1 10.509878 18.812237 -2.175263 0
921 1.000000 1 9.719190 18.456379 -2.420193 0
922 1.000000 1 11.512875 17.405829 -2.341782 0
923 1.000000 1 11.716087 18.544854 -1.827423 0
924 1.000000 1 12.433720 18.313147 -2.762633 0
925 1.000000 1 11.228349 16.164286 -3.389270 0
926 1.000000 1 11.461755 16.372504 -2.907023 0
927 1.000000 1 11.366868 15.755926 -1.490354 0
928 1.000000 1 11.284806 17.168701 -2.621666 0
929 1.000000 1 12.118525 18.251422 -4.550339 0
930 1.000000 1 12.044223 17.864063 -5.495761 0
931 1.000000 1 11.580232 17.648289 -5.413288 0
932 1.000000 1 11.692478 17.619637 -5.156591 0
933 1.000000 1 11.816180 17.666302 -4.907724 0
934 1.000000 1 9.878277 18.062888 -5.638233 0
935 1.000000 1 8.881725 17.874717 -5.773231 0
936 1.000000 1 10.380275 19.262856 -3.687611 0
938 1.000000 1 10.952080 19.611288 -4.888215 0
939 1.000000 1 11.742099 20.873861 -4.572882 0
940 1.000000 1 11.180263 19.650340 -4.243870 0
941 1.000000 1 10.719184 20.545921 -4.266103 0
942 1.000000 1 8.142441 18.829538 -1.569397 0
943 1.000000 1 9.269536 18.890054 -1.516083 0
945 1.000000 1 7.586662 17.199911 -2.641066 0
946 1.000000 1 7.602694 17.142410 -1.457376 0
948 1.000000 1 7.114318 14.957626 -1.189318 0
950 1.000000 1 4.201400 14.014808 -1.076303 0
951 1.000000 1 4.311481 13.965882 -1.580488 0
952 1.000000 1 4.707414 13.185317 -0.549292 0
953 1.000000 1 4.437019 12.928220 -1.534023 0
956 1.000000 1 4.735727 12.676861 -2.795315 0
957 1.000000 1 4.078415 12.010911 -1.981980 0
958 1.000000 1 5.168477 11.075089 -1.447851 0
959 1.000000 1 3.890343 11.020621 -1.847349 0
961 1.000000 1 5.129229 11.703616 -3.402198 0
962 1.000000 1 6.185605 12.675160 -4.631289 0
963 1.000000 1 5.740602 13.007413 -4.007798 0
964 1.000000 1 5.479126 14.138425 -2.649744 0
965 1.000000 1 5.690086 15.893392 -3.438459 0
966 1.000000 1 7.106866 16.875485 -2.076012 0
967 1.000000 1 6.598467 16.250117 -2.811317 0
969 1.000000 1 5.304476 16.375314 -3.725642 0
970 1.000000 1 4.036874 14.569924 -4.666124 0
971 1.000000 1 4.665929 14.340158 -2.035346 0
972 1.000000 1 2.975801 15.473374 -1.758329 0
974 1.000000 1 1.883710 13.852092 -1.053673 0
975 1.000000 1 0.085523 12.588500 -0.741953 0
976 1.000000 1 0.658981 11.863809 0.021280 0
978 1.000000 1 -0.572724 11.305116 -1.092711 0
979 1.000000 1 -0.418927 10.524554 -2.139558 0
980 1.000000 1 -0.548836 10.940448 -3.849494 0
981 1.000000 1 0.867443 12.011805 -4.006043 0
983 1.000000 1 1.677597 11.950756 -3.049693 0
984 1.000000 1 1.429020 12.586942 -3.250447 0
985 1.000000 1 -0.371510 12.639278 -3.784251 0
987 1.000000 1 -0.366823 12.605411 -4.991724 0
988 1.000000 1 -0.167979 14.084798 -5.306160 0
989 1.000000 1 -0.294894 12.138143 -6.522960 0
990 1.000000 1 0.431770 12.633361 -6.096933 0
991 1.000000 1 -0.239722 13.052236 -6.717096 0
992 1.000000 1 -0.863484 13.934680 -7.124843 0
993 1.000000 1 -0.679907 14.100576 -7.638557 0
994 1.000000 1 -1.865009 16.345386 -8.408507 0
995 1.000000 1 -1.978803 16.639945 -9.396934 0
996 1.000000 1 -2.428860 17.680253 -6.499189 0
997 1.000000 1 -1.230247 16.939980 -7.584434 0
998 1.000000 1 -1.842130 18.697698 -8.200608 0
999 1.000000 1 -1.250168 17.708418 -7.723961 0
